mse: 0.012878468848036374
mae: 0.07924338204862331
evs: 0.8897018943800253
