mse: 0.007668544148015573
mae: 0.06429504248788795
evs: 0.9262618795248981
